-1.04
0.48
-1.04
-1.04
0.8
0.56
0.68
0.6
0.6
0.64
-1.04
0.68
0.56
0.8
0.52
0.52
-1.04
0.48
0.68
0.8
0.52
0.52
0.64
0.64
0.68
0.6
-1.12
0.6
0.84
0.84
0.64
0.8
0.68
0.6
0.56
0.64
0.56
0.44
0.52
0.48
0.44
0.48
0.56
0.6
0.68
0.56
0.6
0.6
0.44
0.56
0.8
0.64
0.6
0.68
-1.04
0.36
0.56
0.56
0.68
0.64
0.6
0.44
0.48
0.68
0.64
0.84
0.56
-1.72
0.6
0.84
0.56
0.6
0.36
0.64
0.6
0.84
0.64
0.6
0.6
0.4
0.6
0.56
0.84
0.36
0.64
0.52
0.48
0.52
-1.44
0.68
0.68
0.56
0.6
0.52
-1.12
0.64
0.52
0.64
0.44
0.68
0.56
0.68
0.64
0.68
0.52
0.68
-1.04
0.56
0.52
0.52
0.52
0.4
0.64
0.4
0.6
0.84
0.68
-1.04
0.6
0.68
0.68
-1.04
-1.04
0.6
0.52
0.84
0.6
0.44
-1.04
0.64
0.56
-1.04
0.56
-1.16
0.6
-1.04
0.64
0.68
0.68
-1.04
0.68
0.56
0.64
0.6
0.52
-1.08
-1.04
0.56
0.64
-1.04
0.56
-1.04
-1.44
0.56
0.84
0.6
0.64
0.68
0.6
-1.04
0.84
0.6
-1.04
0.56
0.6
0.68
0.68
0.6
0.6
0.52
0.64
-1.04
0.68
0.56
0.56
-1.04
0.64
0.68
0.56
0.64
0.52
0.8
-1.04
0.52
0.44
0.52
0.68
0.52
0.64
0.6
0.84
-1.04
0.68
0.52
0.52
0.68
0.56
0.68
0.84
0.64
0.68
0.64
0.8
0.68
0.6
0.6
0.56
0.68
0.64
0.64
0.68
0.64
0.64
0.64
0.52
0.56
-1.04
0.48
0.6
0.6
0.68
-1.04
0.64
0.68
0.64
0.68
0.68
0.64
-1.04
0.84
-1.16
0.52
0.6
0.68
0.56
0.68
0.56
0.56
-1.36
0.44
0.68
0.64
0.6
0.68
0.56
-1.24
-1.04
0.64
-1.04
0.56
0.52
0.4
0.64
-1.04
0.44
0.68
0.68
0.52
0.64
-1.08
-1.04
0.6
0.64
0.8
0.52
0.64
0.68
0.52
0.6
0.64
0.48
0.68
0.56
-1.04
-1.04
-1.04
0.8
0.64
0.6
0.68
0.56
-1.04
0.84
-1.04
0.56
0.64
0.64
0.48
0.68
0.44
0.64
0.44
0.68
0.64
0.64
0.84
0.68
0.6
-1.04
0.8
-1.04
0.6
0.64
0.64
0.64
-1.04
0.64
0.68
0.6
0.52
0.68
-1.04
0.68
0.52
0.44
-1.44
-1.04
-1.04
-1.04
0.84
0.64
0.6
0.84
0.48
0.56
0.8
0.56
0.48
0.56
0.64
0.84
0.64
0.64
0.64
0.44
-1.04
0.68
0.64
0.56
0.68
0.56
0.8
0.52
0.84
0.68
0.6
0.68
-1.04
0.6
0.68
0.64
0.68
0.6
0.52
0.84
0.52
-1.04
0.64
0.52
-1.32
0.52
0.56
-1.04
0.52
0.68
0.8
0.68
0.64
0.68
0.56
0.64
0.56
0.52
0.76
0.6
0.6
0.52
0.56
0.84
0.56
0.4
0.6
0.6
0.64
0.6
0.64
0.6
0.64
0.68
0.84
0.68
0.6
0.6
0.52
-1.04
0.64
0.68
0.52
0.48
0.64
-1.04
0.64
-1.04
0.68
-1.04
0.68
-1.04
0.56
0.56
-1.04
0.84
0.56
0.52
0.64
0.56
0.68
0.4
0.68
-1.12
0.28
0.52
0.84
0.6
0.56
0.64
0.56
0.68
-1.04
0.68
0.56
-1.04
-1.04
0.6
0.4
-1.04
0.52
0.52
0.68
0.48
0.64
0.84
0.64
0.2
0.64
0.64
0.56
0.52
0.84
0.64
0.64
-1.04
-1.04
0.6
0.68
0.56
0.64
0.64
0.6
-1.04
0.8
0.64
0.52
0.8
0.64
0.68
0.52
-1.04
0.48
0.56
0.68
0.52
-1.4
0.56
0.64
0.64
0.64
0.56
0.8
0.6
0.56
0.48
0.52
0.64
0.52
0.64
0.64
0.56
0.64
0.52
0.84
0.6
0.68
0.6
0.48
0.76
0.6
0.44
0.68
0.68
0.56
0.6
0.56
0.56
0.76
0.68
0.48
0.6
-1.04
0.6
0.56
0.6
0.6
0.52
0.68
0.48
-1.04
0.64
0.56
0.56
0.6
0.68
0.6
0.68
0.64
-1.04
0.68
0.68
0.68
0.6
0.64
0.64
0.64
0.68
0.64
0.44
-1.04
0.48
0.48
0.68
0.6
0.6
0.56
0.6
0.44
0.6
0.56
0.56
0.6
0.72
0.48
0.36
0.6
0.68
-1.04
0.68
0.64
-1.12
0.56
0.6
0.8
0.68
0.6
0.68
0.64
-1.04
0.6
-1.04
0.56
0.56
-1.44
0.6
0.48
-1.04
0.48
0.68
0.64
-1.04
0.68
0.68
-1.04
0.52
0.52
0.56
0.64
0.56
-1.28
0.56
0.48
0.52
-1.04
0.68
0.84
0.4
0.68
0.4
0.6
0.84
0.64
0.64
0.64
0.68
0.64
0.64
0.6
0.64
0.64
0.56
0.32
-1.16
0.52
0.56
0.68
0.84
0.6
-1.04
0.64
-1.04
-1.04
-1.04
0.64
-1.04
0.52
0.6
0.52
0.64
0.64
0.56
0.68
0.64
0.64
0.6
0.68
0.64
0.24
0.64
0.6
0.68
0.6
0.64
0.52
0.64
0.52
0.56
0.6
0.56
0.6
-1.52
0.68
-1.04
0.64
0.68
0.68
0.44
-1.04
0.84
0.56
0.6
-1.04
0.64
0.6
0.68
0.52
0.64
-1.4
0.64
0.64
0.6
0.6
0.4
0.56
0.84
0.68
0.84
0.52
0.68
-1.12
0.44
0.64
0.6
0.68
0.56
0.56
0.52
0.28
-1.24
0.56
0.52
0.6
0.6
-1.04
0.8
0.8
-1.04
0.84
-1.08
0.6
0.4
0.56
0.68
0.56
0.48
0.52
0.4
0.64
0.56
0.64
0.56
0.64
0.64
0.6
0.52
0.64
0.52
0.64
0.64
0.64
0.56
0.56
0.68
0.68
0.4
0.68
0.68
0.68
-1.04
0.64
0.48
0.6
0.6
0.48
0.6
0.68
0.84
-1.04
0.76
0.64
0.6
0.64
-1.12
0.32
0.64
0.68
0.6
0.68
0.6
0.64
0.68
0.84
-1.04
-1.2
0.56
0.44
0.68
0.64
0.64
0.6
0.56
0.64
0.6
-1.04
0.64
-1.04
0.52
0.68
0.56
0.48
0.68
0.56
0.64
0.68
0.6
0.56
0.36
0.56
0.84
0.6
0.68
0.52
0.68
0.6
0.52
-1.04
0.64
0.6
0.64
-1.04
-1.04
0.68
0.68
0.68
0.64
-1.04
0.68
0.56
0.64
0.52
0.56
-1.04
0.56
0.68
0.56
0.6
0.6
0.56
0.84
0.56
0.44
0.4
0.64
-1.04
0.64
0.64
0.6
0.4
0.64
0.84
0.64
0.44
-1.04
0.72
0.68
0.6
-1.04
0.6
0.6
0.52
0.64
0.84
0.44
0.6
0.6
0.56
0.52
0.76
0.84
0.6
0.64
0.44
0.64
0.68
0.64
0.6
0.8
0.36
0.56
0.84
0.56
0.64
0.68
0.4
0.64
0.64
0.56
0.68
0.56
0.52
0.68
0.8
0.48
0.52
0.64
-1.04
0.64
0.64
0.6
0.44
0.64
0.68
0.6
0.6
0.6
0.48
0.6
0.68
0.64
0.6
0.68
0.28
-1.08
0.64
0.6
0.64
0.52
0.68
-1.04
0.44
0.64
-1.12
-1.48
-1.16
0.68
0.52
0.68
-1.08
0.52
0.68
0.84
0.6
0.68
0.6
0.6
0.56
0.64
0.52
-1.12
0.64
0.8
-1.04
0.68
0.68
0.76
0.44
0.56
0.52
0.52
-1.04
0.6
0.64
0.68
0.68
0.64
0.68
0.52
0.68
0.68
-1.04
-1.04
0.52
0.64
0.64
0.6
0.64
0.64
-1.04
0.56
-1.08
0.6
0.6
0.48
0.68
-1.04
0.6
0.68
0.56
0.56
0.64
0.68
0.6
0.64
0.48
0.68
0.4
-1.04
0.6
-1.04
0.8
0.68
0.36
0.6
0.64
0.68
0.64
-1.08
0.52
0.48
0.52
0.44
0.6
-1.12
0.84
0.6
0.56
0.68
-1.44
0.64
0.8
0.68
0.6
-1.04
0.56
0.52
0.68
0.6
0.6
0.64
0.56
0.52
0.64
0.56
0.56
0.64
0.64
0.68
0.48
0.64
0.64
0.64
0.84
0.68
0.64
